111
-2.552000 2.240000
-3.652000 2.006667
-4.444000 1.306667
-4.752000 -0.560000
-4.488000 -1.726667
-3.564000 -2.893333
-1.408000 -3.780000
-0.484000 -3.640000
1.408000 -2.753333
2.288000 -1.913333
3.036000 0.046667
3.344000 3.126667
2.948000 4.106666
2.112000 4.900000
1.144000 5.366666
-0.528000 5.693333
-1.980000 5.786666
-4.268000 5.973333
-6.512000 5.693333
-7.700000 4.806666
-8.888000 3.593333
-9.944000 2.100000
-10.032000 0.700000
-10.164000 -0.933333
-10.120000 -2.426667
-9.680000 -4.713333
-9.240000 -5.740000
-8.228000 -6.626666
-6.600000 -7.326666
-4.708000 -7.653333
-3.344000 -7.840000
-0.748000 -7.840000
0.748000 -7.840000
2.948000 -7.373333
4.576000 -6.533333
5.544000 -5.460000
6.512000 -3.313333
7.084000 -1.213333
7.568000 3.033333
7.348000 5.226666
6.556000 7.606666
4.884000 8.773333
1.936000 9.613333
-1.232000 10.126666
-4.972000 9.846666
-7.480000 9.706666
-9.944000 8.446666
-11.308000 7.000000
-13.024000 5.133333
-13.596000 3.220000
-14.036000 0.466667
-14.080000 -0.513333
-13.420000 -0.606667
-13.288000 0.466667
-13.156000 1.960000
-12.760000 3.873333
-12.100000 5.040000
-11.440000 5.786666
-10.428000 7.326666
-9.460000 7.840000
-8.228000 8.353333
-7.304000 8.773333
-5.940000 8.960000
-4.532000 9.053333
-3.300000 9.146666
-2.024000 9.286666
-0.264000 9.240000
1.804000 8.960000
3.168000 8.446666
4.664000 7.700000
5.764000 6.906666
6.292000 5.413333
6.468000 3.453333
6.732000 1.773333
6.688000 -0.186667
6.204000 -1.726667
5.456000 -3.686667
4.884000 -4.853333
3.828000 -5.833333
2.684000 -6.160000
0.616000 -6.953333
-0.968000 -7.093333
-2.288000 -6.953333
-4.092000 -6.626666
-6.028000 -6.300000
-7.128000 -5.880000
-8.272000 -5.040000
-9.108000 -4.013333
-9.504000 -1.773333
-9.548000 0.886667
-8.932000 2.426667
-8.184000 3.360000
-6.908000 4.200000
-6.204000 4.760000
-5.060000 5.086666
-3.520000 5.086666
-1.892000 4.993333
-0.220000 4.573333
1.584000 4.200000
2.024000 3.686667
2.376000 2.286667
2.288000 0.280000
1.892000 -1.120000
1.408000 -1.913333
0.000000 -2.753333
-1.892000 -3.033333
-3.124000 -2.566667
-4.004000 -1.306667
-4.004000 0.326667
-3.784000 1.353333
-2.508000 1.773333
44 45 42
43 44 42
46 61 62
62 63 64
62 64 65
65 42 45
62 65 45
46 62 45
42 65 66
42 66 67
42 67 41
46 60 61
47 58 59
59 60 46
47 59 46
47 57 58
48 57 47
48 56 57
49 55 56
49 56 48
49 54 55
50 53 54
50 54 49
53 50 51
53 51 52
68 41 67
41 68 69
41 69 40
70 40 69
40 70 71
40 71 39
72 39 71
72 38 39
73 38 72
38 73 74
38 74 37
75 37 74
75 36 37
76 36 75
36 76 77
36 77 35
78 35 77
35 78 79
35 79 34
80 34 79
81 28 33
80 81 33
34 80 33
28 81 82
28 82 27
29 33 28
29 32 33
31 32 29
30 31 29
83 27 82
27 83 84
27 84 85
27 85 26
86 26 85
86 25 26
87 25 86
87 24 25
88 24 87
88 23 24
89 22 23
89 23 88
89 21 22
90 21 89
21 90 91
21 91 20
92 20 91
20 92 93
20 93 19
94 19 93
94 95 14
94 14 18
19 94 18
14 95 96
14 96 13
15 18 14
18 15 16
18 16 17
97 13 96
13 97 98
13 98 12
99 12 98
99 11 12
100 11 99
11 100 101
11 101 10
102 10 101
102 9 10
103 9 102
103 8 9
104 8 103
8 104 105
8 105 7
6 7 105
6 105 5
106 5 105
106 4 5
107 4 106
107 3 4
108 3 107
108 2 3
109 2 108
2 109 110
2 110 1
110 0 1
