InitialState  -5  0  1.0
BBox         -30 -20 30 20
DistOneStep   1.0
Goal          20 -15 1.0
Obstacles 
107
-10.540000 10.290000 1.000000
-9.114000 11.620000 1.000000
-7.564000 12.810000 1.000000
-6.014000 13.510000 1.000000
-4.340000 13.930000 1.000000
-2.356000 13.790000 1.000000
-0.496000 13.720000 1.000000
1.302000 13.160000 1.000000
2.852000 11.970000 1.000000
4.092000 10.780000 1.000000
5.146000 9.730000 1.000000
5.704000 8.190000 1.000000
6.138000 6.300000 1.000000
6.386000 4.900000 1.000000
6.386000 3.220000 1.000000
6.386000 1.680000 1.000000
6.138000 0.000000 1.000000
5.952000 -2.170000 1.000000
5.518000 -3.850000 1.000000
4.898000 -6.510000 1.000000
3.968000 -8.120000 1.000000
2.418000 -9.590000 1.000000
-0.248000 -9.940000 1.000000
-2.480000 -10.080000 1.000000
-4.464000 -10.080000 1.000000
-7.006000 -10.710000 1.000000
-9.424000 -10.010000 1.000000
-11.780000 -9.590000 1.000000
-13.454000 -8.400000 1.000000
-14.694000 -7.350000 1.000000
-15.686000 -5.110000 1.000000
-15.934000 -3.150000 1.000000
-16.740000 -1.330000 1.000000
-17.174001 1.120000 1.000000
-17.112001 3.360000 1.000000
-17.050001 6.860000 1.000000
-17.174001 5.180000 1.000000
-16.926001 8.750000 1.000000
-16.492000 10.850000 1.000000
-15.500000 12.950000 1.000000
-13.950000 14.840000 1.000000
-12.524000 16.170000 1.000000
-10.416000 17.220000 1.000000
-8.246000 17.850000 1.000000
-6.200000 18.690000 1.000000
-4.464000 18.900000 1.000000
-2.666000 18.760000 1.000000
-0.496000 18.760000 1.000000
2.046000 18.620000 1.000000
4.154000 17.780000 1.000000
5.456000 16.940000 1.000000
7.626000 15.820000 1.000000
9.114000 14.420000 1.000000
9.858000 12.600000 1.000000
10.354000 10.430000 1.000000
10.664000 8.050000 1.000000
11.098000 5.320000 1.000000
11.284000 3.150000 1.000000
11.594000 1.190000 1.000000
11.718000 -1.470000 1.000000
11.718000 -4.480000 1.000000
11.346000 -6.440000 1.000000
10.664000 -8.400000 1.000000
9.176000 -10.220000 1.000000
7.316000 -11.760000 1.000000
5.146000 -13.370000 1.000000
2.356000 -14.490000 1.000000
-0.124000 -15.470000 1.000000
-2.666000 -16.450000 1.000000
-5.084000 -16.800000 1.000000
-7.192000 -16.100000 1.000000
-9.114000 -15.050000 1.000000
-11.408000 -15.050000 1.000000
-13.392000 -14.560000 1.000000
-15.686000 -14.420000 1.000000
-17.360001 -12.670000 1.000000
-18.662001 -10.710000 1.000000
-19.778001 -8.680000 1.000000
-20.274001 -6.580000 1.000000
-21.080001 -3.430000 1.000000
-20.894001 -4.550000 1.000000
-21.762001 -1.750000 1.000000
-22.630001 0.490000 1.000000
-24.242001 2.520000 1.000000
-26.288001 2.590000 1.000000
-26.908001 0.840000 1.000000
-26.722001 -2.240000 1.000000
-26.412001 -4.550000 1.000000
-26.412001 -6.580000 1.000000
-25.978001 -9.170000 1.000000
-25.730001 -11.270000 1.000000
-11.098000 8.610000 1.000000
-11.036000 6.720000 1.000000
-10.726000 4.410000 1.000000
-10.912000 2.100000 1.000000
-10.416000 -0.770000 1.000000
-9.982000 -3.150000 1.000000
-8.246000 -4.410000 1.000000
-6.138000 -4.970000 1.000000
-4.092000 -4.760000 1.000000
-2.046000 -3.990000 1.000000
-0.868000 -2.310000 1.000000
-0.248000 0.490000 1.000000
0.000000 3.430000 1.000000
-0.868000 5.460000 1.000000
-2.666000 7.210000 1.000000
-5.518000 7.350000 1.000000
