101
-13.816000 2.800000
-12.848000 3.126667
-12.188000 3.406667
-11.000000 3.920000
-9.812000 4.153333
-8.712000 3.966666
-8.228000 3.080000
-8.140000 2.286667
-7.612000 2.006667
-7.348000 2.566667
-7.480000 3.546667
-7.700000 4.713333
-8.360000 5.226666
-8.844000 5.460000
-9.812000 5.366666
-11.000000 5.133333
-11.968000 4.666666
-13.024000 4.200000
-13.684000 4.013333
-14.520000 3.873333
-14.784000 4.153333
-14.784000 4.853333
-14.784000 5.880000
-14.784000 6.533333
-15.356000 6.533333
-15.840000 5.226666
-15.840000 2.800000
-15.488000 1.260000
-15.136000 0.326667
-14.300000 -0.653333
-12.804000 -1.493333
-11.088000 -2.333333
-10.032000 -3.033333
-9.240000 -3.733333
-8.184000 -4.106666
-8.272000 -4.480000
-8.668000 -5.693333
-9.284000 -7.093333
-9.900000 -8.493333
-10.384000 -9.426666
-10.340000 -9.940000
-9.460000 -10.126666
-8.712000 -9.240000
-8.184000 -7.326666
-7.568000 -5.693333
-7.260000 -4.573333
-6.512000 -3.686667
-5.412000 -3.593333
-4.092000 -3.686667
-3.124000 -3.966666
-2.112000 -4.433333
-1.540000 -4.526666
-0.308000 -4.153333
1.188000 -3.546667
2.376000 -2.893333
3.476000 -2.566667
5.544000 -2.146667
6.996000 -1.353333
8.756000 0.373333
9.944000 1.773333
10.912000 2.893333
11.572000 3.920000
12.452000 4.666666
13.464000 4.900000
14.300000 4.293333
14.388000 3.220000
13.772000 1.820000
14.300000 1.306667
14.828000 2.333333
15.092000 3.780000
14.740000 4.713333
14.344000 5.320000
13.904000 5.740000
12.540000 5.366666
11.132000 4.620000
9.812000 3.220000
8.492000 1.213333
7.392000 -0.186667
6.028000 -1.166667
4.752000 -1.306667
3.828000 -1.306667
3.036000 -0.653333
3.036000 0.046667
3.344000 1.446667
3.608000 3.313333
3.608000 5.506666
3.168000 7.700000
2.684000 9.613333
1.848000 10.640000
0.836000 10.873333
-0.044000 10.826666
-0.264000 10.220000
2.068000 8.633333
2.376000 4.573333
1.628000 0.233333
0.132000 -1.353333
-1.804000 -2.240000
-6.380000 -2.426667
-9.988000 -1.540000
-13.420000 0.513333
-14.344000 2.566667
9 7 8
9 6 7
10 6 9
10 5 6
11 16 17
11 17 4
11 4 5
11 5 10
18 4 17
11 15 16
12 15 11
12 14 15
12 13 14
18 3 4
19 3 18
19 2 3
26 0 1
26 1 2
26 2 19
26 19 20
26 20 21
26 21 25
26 100 0
27 100 26
27 99 100
28 99 27
99 28 29
99 29 30
99 30 98
31 98 30
31 97 98
32 54 55
32 55 97
32 97 31
56 96 97
56 97 55
32 53 54
33 46 47
47 53 32
33 47 32
53 47 48
53 48 49
53 49 52
46 33 34
46 34 35
46 35 45
36 44 45
36 45 35
44 36 37
44 37 43
38 43 37
38 42 43
39 42 38
42 39 40
42 40 41
50 52 49
50 51 52
56 95 96
57 95 56
95 57 80
95 80 81
95 81 82
95 82 94
58 77 78
79 80 57
78 79 57
58 78 57
83 94 82
94 83 84
94 84 93
85 93 84
93 85 86
93 86 92
87 92 86
87 91 92
88 91 87
88 90 91
88 89 90
58 76 77
59 76 58
76 59 60
76 60 75
61 75 60
61 74 75
62 74 61
74 62 63
74 63 71
74 71 73
63 70 71
71 72 73
64 70 63
64 69 70
65 69 64
65 68 69
66 68 65
66 67 68
22 25 21
22 24 25
22 23 24
