6
-15.224000 9.940000
-17.555999 -0.420000
-13.244000 -5.833333
-12.056000 -5.086666
-15.928000 -0.420000
-14.300000 9.100000
3 1 2
4 1 3
1 4 5
1 5 0
6
-11.660000 5.040000
-5.060000 8.400000
-3.080000 0.000000
-2.112000 0.233333
-4.268000 10.173333
-12.144000 5.506666
5 1 4
1 3 4
5 0 1
1 2 3
6
-9.372000 -1.166667
-0.088000 -4.573333
6.424000 3.733333
6.028000 4.293333
-0.308000 -3.220000
-8.360000 -0.840000
4 2 3
4 1 2
4 0 1
4 5 0
4
-12.276000 -11.199999
-3.344000 -7.373333
-3.828000 -6.486666
-12.540000 -10.173333
1 3 0
1 2 3
8
2.024000 6.720000
2.948000 10.500000
13.552000 9.520000
13.552000 2.940000
14.608000 3.360000
14.520000 10.593333
2.068000 11.666666
1.276000 7.046666
1 7 0
1 5 6
7 1 6
5 1 2
5 2 4
2 3 4
8
5.676000 -2.146667
10.296000 -6.206666
8.888000 -7.980000
9.768000 -8.540000
13.904000 -3.173333
13.244000 -2.613333
11.132000 -4.806666
6.028000 -1.633333
0 6 7
1 6 0
4 6 1
4 1 2
4 2 3
4 5 6
5
2.552000 -7.186666
0.572000 -10.406666
2.508000 -11.666666
4.576000 -11.713333
4.576000 -9.473333
4 1 2
4 2 3
4 0 1
