4
-17.335999 5.973333
-6.072000 6.020000
-6.204000 6.953333
-17.159999 6.860000
1 3 0
1 2 3
4
-11.968000 2.006667
-1.980000 2.006667
-1.980000 2.986667
-11.968000 2.986667
1 3 0
1 2 3
4
-7.920000 -1.960000
0.836000 -2.100000
0.836000 -0.933333
-7.832000 -0.886667
0 2 3
0 1 2
4
-17.335999 -6.020000
-8.404000 -6.113333
-8.360000 -4.900000
-17.159999 -5.040000
2 3 0
2 0 1
4
5.236000 9.426666
4.928000 1.633333
5.896000 1.680000
6.248000 9.473333
0 2 3
0 1 2
4
1.408000 -8.446666
8.668000 -1.680000
7.788000 -1.306667
0.396000 -7.653333
1 3 0
1 2 3
4
9.856000 4.153333
15.092000 -4.013333
16.060000 -3.406667
10.956000 4.806666
0 2 3
0 1 2
4
11.880000 10.033333
17.291999 3.593333
17.907999 4.480000
12.892000 10.920000
0 2 3
0 1 2
4
6.996000 -10.126666
12.848000 -8.633333
12.452000 -7.373333
6.952000 -8.680000
1 3 0
1 2 3
